-0.62062 -0.203983
0.487025 0.12078
0.619133 0.0234251
-0.147898 0.305997
-0.411948 -0.170711
0.0297858 0.579569
0.0885456 -0.81274
-0.135481 0.689855
0.545693 -0.616282
0.560734 -0.637314
0.158283 -0.371737
-0.672155 -0.330304
-0.9254 -0.0651704
0.348225 -0.866593
-0.220435 -0.669203
0.345305 0.175412
-0.489971 0.186091
-0.45656 -0.459038
-0.80814 0.265113
-0.0690059 -0.554921
0.142968 0.209139
0.396004 0.329371
-0.652696 0.502989
0.649834 0.506192
-0.361901 0.0651025
-0.704892 0.585256
-0.981183 0.0201057
-0.408813 0.119838
0.00834503 -0.379968
-0.102873 -0.392972
-0.520393 -0.790601
0.0695937 0.0428139
-0.340041 -0.364724
0.145076 -0.878309
-0.548349 -0.187261
0.238093 0.509113
-0.648016 0.133566
-0.343636 -0.210862
-0.070896 -0.633463
-0.485001 0.221098
-0.606992 -0.717415
0.338688 0.603667
-0.688208 -0.057144
0.397523 0.694702
-0.983707 -0.120694
-0.220774 -0.728686
-0.501538 -0.0772164
0.396778 -0.586287
-0.635476 -0.211214
-0.715075 0.431303
-0.0537609 -0.27656
-0.514806 0.308559
0.880401 0.192514
0.807715 -0.336937
-0.391913 0.350796
-0.100431 -0.181935
0.23661 0.489011
-0.905311 0.352073
-0.963604 0.0693496
0.876348 -0.243911
-0.0153789 0.351502
0.568376 0.787363
0.454237 -0.356971
-0.709526 -0.525634
-0.576154 -0.568993
0.156353 0.505632
0.58047 -0.733124
-0.23909 -0.252901
-0.390956 0.289598
0.645355 0.565575
0.0487619 -0.58168
0.268054 0.279135
0.477892 0.360709
-0.474296 0.727802
0.288402 0.248757
0.252069 0.179133
0.933011 0.230927
-0.06344 0.242033
-0.682412 -0.715008
-0.0915693 -0.348504
0.0287185 -0.7327
-0.188523 -0.598059
-0.287654 0.469299
0.250434 -0.286424
-0.765775 0.320882
0.705341 -0.653661
-0.640369 0.267322
-0.0395191 -0.137407
-0.83591 0.216039
0.30248 0.708159
-0.44662 0.301866
-0.771714 0.464506
0.477523 -0.00353307
0.376696 0.460518
0.610195 0.733939
-0.159333 -0.0388043
0.542742 -0.566245
0.18641 -0.828979
-0.668644 -0.420469
0.678135 0.663136
-0.632213 0.314259
-0.555604 -0.221282
0.401722 -0.890686
0.720965 0.351553
-0.908089 0.326736
0.881636 -0.386728
0.866768 -0.251077
-0.702398 -0.513344
-0.213108 -0.687122
-0.231416 0.950601
0.652083 -0.361767
-0.630323 -0.0557647
0.686988 -0.311342
0.330504 -0.131187
-0.213359 0.525279
0.0331531 0.926464
-0.612442 -0.340915
0.0813433 0.799602
-0.596877 -0.0420043
0.606446 0.64716
-0.421522 0.893612
-0.72388 0.434331
0.533922 -0.56035
0.777673 0.303408
-0.0288756 0.137928
-0.70714 0.477795
0.783652 -0.232174
0.661605 0.530898
-0.058965 0.847069
-0.190947 0.78403
0.216177 -0.400715
-0.175279 0.425646
0.21559 -0.0405829
-0.393517 -0.677906
-0.0837156 -0.441699
0.729039 -0.121185
0.455953 0.655549
0.147309 -0.673444
-0.189392 -0.52861
-0.0295076 0.274965
0.439376 0.0680133
-0.817567 0.265465
0.310464 -0.837269
-0.692545 0.234708
0.0709556 -0.532787
-0.138644 -0.412786
0.864747 0.25931
0.0552556 0.404482
-0.011339 0.839952
0.104538 0.315723
0.806932 0.53171
0.959139 0.00147658
-0.12068 0.75454
0.116565 -0.600319
0.0930071 0.313737
-0.608594 -0.398067
0.0372295 0.435293
-0.241263 0.230959
-0.428721 0.494916
0.0238948 0.153502
0.539282 0.426046
-0.0394216 -0.471843
-0.475136 0.269265
0.876761 0.0806631
0.282047 -0.224185
0.82756 -0.298894
0.29758 0.381138
0.92524 0.366511
-0.791231 -0.180717
0.0962305 0.701965
0.577617 0.0737959
-0.374298 -0.245482
-0.0864488 0.877015
-0.193315 -0.306992
-0.514778 0.5289
0.435778 0.0332106
-0.515956 0.505335
0.297071 0.176987
-0.440667 -0.118526
0.727122 0.536854
-0.457487 -0.881778
-0.566779 0.415902
-0.413428 -0.0939251
-0.49658 -0.420661
0.455099 -0.245418
-0.782164 0.194939
0.0753265 0.340255
-0.0682694 -0.301474
0.252245 0.554266
-0.452754 0.746432
0.560543 0.0766272
0.902595 -0.057944
0.233244 0.764937
-0.0448906 -0.880354
-0.636189 -0.600292
0.61441 -0.449287
0.50778 0.356416
-0.792378 -0.278592
0.00561742 0.389304
-0.523866 -0.150802
-0.644643 0.396245
0.736729 -0.656867
-0.712592 0.191104
0.640216 -0.29804
0.253267 0.64298
-0.00523431 -0.66281
-0.690244 0.680852
-0.467828 -0.112898
0.391246 0.625947
-0.720081 -0.506346
-0.625637 -0.0376382
-0.436296 0.324039
0.780032 -0.309691
-0.519855 0.810036
0.425634 0.256066
0.192457 -0.0472933
0.0490746 -0.237862
-0.849924 -0.379413
0.85165 -0.371471
0.486366 0.26549
-0.521881 0.766079
-0.213149 0.661248
-0.325071 -0.236008
0.302777 -0.773252
-0.612148 -0.341411
0.523925 0.522086
0.660246 -0.135774
-0.93242 0.13795
-0.115328 -0.167487
-0.820169 0.210743
0.0414971 0.0161175
-0.860281 -0.0613442
-0.595015 -0.772795
