-0.066064 0.0535356
0.152055 -0.113408
0.690628 0.275398
0.807375 0.059524
-0.973268 0.207228
0.243888 0.349339
-0.603486 0.748565
0.252746 -0.150236
-0.127373 0.498889
-0.452774 -0.30204
-0.242803 0.357624
-0.276091 -0.721848
-0.326293 -0.708876
0.227101 -0.532757
-0.411503 0.0199101
0.0833087 -0.141174
-0.0348053 -0.0678071
0.0365209 -0.0075835
-0.61577 -0.274328
-0.197574 -0.335998
-0.681147 0.719536
0.573075 0.352202
0.212662 0.140738
0.0348704 -0.269473
0.0645371 0.0709758
-0.143531 0.0477729
0.00398568 0.0424174
-0.0799186 -0.458585
0.452507 0.349044
0.356498 0.600097
-0.00163066 0.173645
-0.0160454 0.824761
0.3124 0.0647997
-0.0390501 0.142293
-0.251179 0.877281
0.00938964 0.000593877
0.274891 0.108675
0.185646 -0.468749
-0.958176 0.217623
0.147998 -0.423445
-0.0180127 0.0532441
-0.933611 -0.310255
-0.189759 -0.146619
0.529967 0.0717156
0.136052 -0.300626
0.0914953 0.973569
-0.907923 -0.291652
-0.531205 -0.21359
-0.804698 0.105839
0.187861 -0.125321
-0.0177197 0.618793
-0.892015 -0.208189
-0.682947 0.472694
0.160725 0.0716998
0.258769 -0.201846
-0.189124 -0.424312
0.197839 0.16482
-0.124022 -0.152421
-0.214158 0.634159
0.15339 -0.0278368
-0.255545 0.00967421
-0.401256 0.572067
-0.0248154 -0.0647917
0.00756799 -0.00301548
-0.256447 -0.293314
0.241934 -0.0598679
-0.187007 -0.672886
0.143588 -0.112258
0.0305078 0.139157
0.3055 -0.361265
-0.000305253 5.40488e-05
0.137266 0.200028
0.773424 0.534596
0.443038 -0.78783
0.137355 0.271249
0.378293 -0.243311
0.0213416 0.617937
0.0212189 0.0423236
0.0177677 0.00393346
0.675957 -0.650579
0.221432 0.439701
-0.615628 0.485751
0.315838 -0.654941
-0.0116837 -0.144766
-0.0455753 -0.206964
-0.0102292 0.578086
-0.528383 -0.587607
0.266559 -0.271463
0.186948 0.240384
-0.168284 0.805282
-0.133087 -0.507211
0.40547 0.487426
0.313138 0.669317
-0.39901 -0.0177757
-0.172461 0.198364
0.457294 0.453736
0.52949 0.334005
0.723122 0.64127
0.339307 0.322734
-0.0992881 -0.123925
-0.709948 -0.494184
0.208109 -0.403736
-0.343412 -0.382928
-0.0685501 -0.0128683
-0.950617 0.252378
0.00146486 -0.00138532
-0.123025 -0.386638
0.0342992 0.354518
0.388726 -0.489682
0.0624779 0.0990551
-0.395817 -0.755232
0.120045 0.133876
0.436186 -0.20093
-0.741572 -0.136324
0.0638628 0.0515069
-0.396167 0.51688
0.161319 0.224797
-0.0446651 -0.0556417
-0.11863 0.0420888
-0.81631 0.459045
0.0127015 0.113434
0.738716 -0.00819968
0.0851617 0.68306
-0.675151 0.606219
-0.539852 0.597278
0.417214 -0.0511149
-0.159377 -0.754727
-0.0123472 0.00920151
-0.509625 -0.303603
0.040966 -0.160534
-0.880215 0.447366
-0.411447 0.731263
0.101319 0.153464
0.170634 -0.142323
-0.659937 -0.235987
0.386906 0.768592
-0.669351 -0.0446351
0.0237976 0.0393138
0.327772 -0.881876
-0.738504 -0.600526
0.657765 -0.662231
-0.00623633 -0.14867
-0.218198 -0.327398
-0.379674 0.0594002
0.347556 -0.749366
0.182009 -0.0322165
0.471169 -0.699629
0.609549 -0.266478
-0.0312028 0.392081
-0.74007 0.287087
-0.502853 0.11828
0.0928653 -0.170077
-0.437015 0.318345
0.199809 -0.026521
-0.358255 0.718902
-0.273234 0.0948815
0.0282807 0.135132
-0.144543 -0.753217
-0.123162 -0.104134
0.514717 0.724636
-0.830943 0.395872
0.440686 0.203878
0.0102066 0.146074
0.664924 -0.594331
0.000562374 -0.038519
-0.0805177 0.826892
-0.41725 0.217462
-0.314933 0.253888
0.186611 -0.578747
0.0954491 0.401162
0.602862 -0.077281
-0.160797 -0.257099
0.083444 -0.450479
0.80262 -0.321241
-0.341751 0.642772
-0.00727893 -0.0252211
-0.29734 -0.49058
-0.0363796 -0.403668
0.315183 0.36895
0.703322 0.152608
0.0612912 0.067556
-0.571455 -0.320575
0.113796 0.103356
-0.0550581 -0.53264
0.11653 -0.414614
0.639725 0.678286
0.155965 0.50405
-0.433149 0.238211
-0.718299 0.169157
-0.614235 -0.560808
0.302159 0.462278
-0.0898553 0.898987
0.979559 0.00454404
-0.315289 0.30642
-0.0349086 -0.0133723
-0.173051 -0.530785
0.301853 0.455577
0.0616049 -0.185754
0.104701 0.507936
0.283811 0.251737
0.00456187 0.285603
0.453564 0.237424
-0.945475 0.220873
-0.714361 -0.128486
0.177208 0.748962
0.0424306 -0.478411
0.174004 0.196452
0.908412 0.235259
0.488502 -0.415062
-0.199133 0.0660491
0.539672 -0.737392
-0.267255 -0.0670697
0.236677 0.60408
0.391963 0.879205
-0.498752 0.70904
-0.720493 -0.271839
0.0880085 -0.0561304
-0.324905 0.441438
-0.0451324 0.00975272
0.767705 0.181241
0.224337 -0.218057
-0.863429 0.167002
-0.734718 -0.00504161
-0.423104 0.172126
0.229855 -0.331439
-0.0219967 0.241612
0.713985 0.0747646
-0.642711 0.729268
-0.00405594 0.241988
-0.0234897 0.00590469
0.550842 0.342303
0.260501 -0.101747
-0.0997597 0.85778
-0.252762 -0.098446
0.0565655 0.209095
0.28061 -0.0852907
-0.0753528 0.105962
0.0620915 -0.243932
-0.156173 -0.0122584
0.521807 -0.506997
0.0891231 0.0626112
0.258644 0.471365
0.272081 -0.378157
-0.106226 0.617046
-0.1913 0.195637
0.757772 0.186027
0.935579 -0.172216
-0.455991 0.415084
-0.444214 -0.175306
-0.0563704 -0.172951
-0.0086627 0.966871
0.12806 -0.796982
0.328651 0.678483
0.0665246 -0.0796942
-0.0725906 0.0140752
0.171354 0.47271
0.211846 -0.108615
0.0568953 0.168323
-0.149942 -0.0891356
-0.410829 -0.765034
0.118574 0.0811853
0.486124 -0.6605
-0.272104 0.564472
-0.243454 -0.433728
-0.0409566 -0.0747777
-0.0833376 0.130545
0.249524 -0.0924092
-0.268115 0.641877
-0.0027902 -0.139932
-0.0785717 0.0270244
0.185875 -0.0220815
0.147992 0.239873
0.500977 -0.735629
-0.35189 -0.012546
-0.198575 0.134918
-0.187282 -0.099711
-0.00419145 0.00873926
0.494341 0.513551
0.58966 -0.0882598
0.384775 -0.356494
0.0277518 -0.0697174
0.36376 -0.85137
0.499325 0.550451
-0.00575019 -0.0124947
-0.17736 0.16029
-0.190884 0.344016
-0.983898 -0.0416066
0.248879 -0.227907
-0.492989 -0.425757
0.0926703 -0.170351
-0.0528272 0.760129
-0.629212 0.00861021
0.755744 -0.343445
0.0306661 0.0141899
-0.0610803 0.0066893
0.382503 -0.222155
0.0709184 0.0552755
0.520081 0.0263567
0.0685663 -0.01338
-0.153062 -0.132572
